# DESCRIPTION: Verilator output: Timestamp data for --skip-identical.  Delete at will.
C "-Wno-fatal --timing --binary -o tb_rv32i_cpu -Mdir obj_tb_rv32i_cpu -Iimports/new -f new/tb_rv32i_cpu.f"
S  10993608    55570  1781702316   770493726  1705136080           0 "/usr/bin/verilator_bin"
S      4942    55731  1781702317     5160398  1705136080           0 "/usr/share/verilator/include/verilated_std.sv"
S      5526 35465847065730447  1781677111   132426400  1781677111   132426400 "imports/new/Hazard_detection_unit.v"
S      6554 29836347531469867  1781677111   135428200  1781677111   135428200 "imports/new/branch_predictor.v"
S      3409 21955048183618962  1781677111   136409100  1781677111   136409100 "imports/new/csr.v"
S       961 16607023626116262  1777812242    44770500  1777812242    44770500 "imports/new/ctrl.v"
S      2326 49539595901263253  1781680992   239534400  1781677111   138412300 "imports/new/defines.v"
S      2152 22517998137040039  1781677111   141435200  1781677111   141435200 "imports/new/dff_set.v"
S     17005 32651097298623656  1781677111   144946500  1781677111   144946500 "imports/new/ex.v"
S      3313 20547673299955584  1781677111   147397000  1781677111   147397000 "imports/new/ex_mem1.v"
S      7937 8444249301466678  1781677111   150414900  1781677111   150414900 "imports/new/forwarding.v"
S      6867 50665495808105715  1781694013   833524700  1781694013   833524700 "imports/new/id.v"
S      7760 39969446693100816  1781677111   155952700  1781677111   155952700 "imports/new/id_ex.v"
S      5452 23362423067172121  1781677111   158509700  1781677111   158509700 "imports/new/if_id.v"
S      3108 37999121856190648  1777819695   359342400  1777819695   359342400 "imports/new/mem1.v"
S      3026 22799473113750854  1781677111   161510000  1781677111   161510000 "imports/new/mem1_mem2.v"
S      5854 9007199255794265  1777554247   524337000  1776262293   814284300 "imports/new/mem2.v"
S      2578 34339947158887906  1781677111   164318300  1781677111   164318300 "imports/new/mem2_wb.v"
S      1758 32088147345202755  1781677111   167022800  1781677111   167022800 "imports/new/myCPU.sv"
S     34465 24769797950725834  1781677111   170328300  1781677111   170328300 "imports/new/open_risc_v.v"
S      1541 53761720551901011  1781677111   172790600  1781677111   172790600 "imports/new/pc_reg.v"
S      6213 3659174697587025  1777554247   524337000  1777293832   451074400 "imports/new/reg.v"
S     21460 10133099161771723  1781677111   173403300  1781677111   173403300 "imports/new/rv32m_iter.v"
S      2497 31806672368492241  1781677111   176151700  1781677111   176151700 "imports/new/wb.v"
S       331 13510798882787009  1777554247   528803100  1776844943   830046100 "new/Mem_IROM.sv"
S      1341 10414574138969802  1777554247   529800800  1776844943   830458000 "new/Mem_RAM.sv"
S      2837 9288674232504952  1777554247   528803100  1776597747   462538000 "new/counter.sv"
S      1931 7881299348573906  1777554247   528803100  1776844943   830458000 "new/display_seg.sv"
S      1247 35465847065691405  1777819864   934106000  1777819740   664132300 "new/dram_driver.sv"
S      8095 27866022694542747  1781694689   334921600  1781694689   334921600 "new/perip_bridge.sv"
S      1158 9007199255794300  1781680126   129533500  1776262293   822271300 "new/seg7.sv"
S      3112 22799473113751544  1781680138    71308900  1781677111   199391300 "new/student_top.sv"
S       636 15199648742682675  1781704339   602500600  1781704339   597501200 "new/tb_rv32i_cpu.f"
S      4151 7881299348216143  1781704563   835774200  1781704563   829773600 "new/tb_rv32i_cpu.sv"
T      3526 40813871623314197  1781748884   800228000  1781748884   800228000 "obj_tb_rv32i_cpu/Vtb_rv32i_cpu.cpp"
T      3203 20266198323436292  1781748884   789515200  1781748884   789515200 "obj_tb_rv32i_cpu/Vtb_rv32i_cpu.h"
T      1780 13510798882381067  1781748884   888227800  1781748884   888227800 "obj_tb_rv32i_cpu/Vtb_rv32i_cpu.mk"
T      4347 44191571343842048  1781748884   781173300  1781748884   781173300 "obj_tb_rv32i_cpu/Vtb_rv32i_cpu__ConstPool_0.cpp"
T       808 28991922601466618  1781748884   776172900  1781748884   776172900 "obj_tb_rv32i_cpu/Vtb_rv32i_cpu__Syms.cpp"
T       993 23643898043964157  1781748884   779173400  1781748884   779173400 "obj_tb_rv32i_cpu/Vtb_rv32i_cpu__Syms.h"
T     27217 11821949022116648  1781748884   816238500  1781748884   816238500 "obj_tb_rv32i_cpu/Vtb_rv32i_cpu___024root.h"
T      2100 22236523160411396  1781748884   847247500  1781748884   847247500 "obj_tb_rv32i_cpu/Vtb_rv32i_cpu___024root__DepSet_h2cc029cd__0.cpp"
T       937 13792273859091625  1781748884   831252300  1781748884   831252300 "obj_tb_rv32i_cpu/Vtb_rv32i_cpu___024root__DepSet_h2cc029cd__0__Slow.cpp"
T    349615 47006321110949126  1781748884   862228500  1781748884   862228500 "obj_tb_rv32i_cpu/Vtb_rv32i_cpu___024root__DepSet_h97750ad2__0.cpp"
T    242998 9007199255010542  1781748884   843228800  1781748884   843228800 "obj_tb_rv32i_cpu/Vtb_rv32i_cpu___024root__DepSet_h97750ad2__0__Slow.cpp"
T       772 14355223812512872  1781748884   820227400  1781748884   820227400 "obj_tb_rv32i_cpu/Vtb_rv32i_cpu___024root__Slow.cpp"
T       985 47006321110949128  1781748884   874227900  1781748884   874227900 "obj_tb_rv32i_cpu/Vtb_rv32i_cpu__main.cpp"
T       729 36310271995943715  1781748884   808228000  1781748884   808228000 "obj_tb_rv32i_cpu/Vtb_rv32i_cpu__pch.h"
T      1510 9851624185142551  1781748884   890227600  1781748884   890227600 "obj_tb_rv32i_cpu/Vtb_rv32i_cpu__ver.d"
T         0        0  1781748884   890227600  1781748884   890227600 "obj_tb_rv32i_cpu/Vtb_rv32i_cpu__verFiles.dat"
T      1766 16607023626198281  1781748884   881227700  1781748884   881227700 "obj_tb_rv32i_cpu/Vtb_rv32i_cpu_classes.mk"
